OBJECTID,ZIPCode,Cases,Deaths,TotalPop,Place,Note,RatePer10K,properties.RatePer100K,Shape__Area,Shape__Length
1,27006,1155.0,6.0,14872,Advance,,776.627218934911,7766.27218934911,1744189234.37061,355282.663136038
2,27007,204.0,0.0,2136,Ararat,,955.056179775281,9550.56179775281,592499585.594238,195922.003442792
3,27009,252.0,1.0,2937,Belews Creek,,858.018386108274,8580.18386108274,618093097.011353,191244.647442635
4,27011,509.0,7.0,5411,Boonville,,940.676399926077,9406.76399926077,1489580093.86462,316910.589814884
5,27012,2563.0,47.0,28954,Clemmons,,885.197209366582,8851.97209366581,1176567385.86804,255774.303165276
6,27013,547.0,6.0,6495,Cleveland,,842.186297151655,8421.86297151655,2066336247.98627,379169.285246239
7,27014,66.0,1.0,957,Cooleemee,,689.655172413793,6896.55172413793,21479098.032959,22299.1178929161
8,27016,138.0,2.0,1682,Danbury,,820.451843043995,8204.51843043995,1068209590.0686,211061.413302457
9,27017,981.0,9.0,9499,Dobson,,1032.74028845142,10327.4028845142,2962951682.04883,566348.974052304
10,27018,649.0,4.0,8221,East Bend,,789.441673762316,7894.41673762316,2331567909.96985,255811.974556888
11,27019,296.0,1.0,4234,Germanton,,699.102503542749,6991.02503542749,977414017.819214,270248.259734795
12,27020,622.0,5.0,6104,Hamptonville,,1019.00393184797,10190.0393184797,2114111622.36755,316969.486887135
13,27021,1592.0,43.0,17979,King,,885.477501529562,8854.77501529562,1469376476.14172,210392.900707099
14,27022,81.0,2.0,1512,Lawsonville,,535.714285714286,5357.14285714286,918745327.278442,200803.000966771
15,27023,899.0,3.0,12775,Lewisville,,703.718199608611,7037.18199608611,807172159.002075,183078.980128527
16,27024,263.0,3.0,2683,Lowgap,,980.245993291092,9802.45993291092,1265827411.39758,278411.484773322
17,27025,935.0,7.0,11117,Madison,,841.054241252136,8410.54241252136,2714649364.33142,468723.596670606
18,27027,339.0,7.0,4017,Mayodan,,843.913368185213,8439.13368185213,548179131.574585,172371.363079245
19,27028,2388.0,27.0,28039,Mocksville,,851.670886978851,8516.70886978851,5475621774.30664,567238.136149725
20,27030,3902.0,85.0,37641,Mount Airy,,1036.63558353923,10366.3558353923,4824085732.75671,624989.724929863
21,27040,929.0,7.0,13150,Pfafftown,,706.463878326996,7064.63878326996,763349953.536133,205025.773716105
22,27041,656.0,6.0,8020,Pilot Mountain,,817.955112219451,8179.55112219451,1629462738.40637,324677.141569035
23,27042,63.0,2.0,720,Pine Hall,,875.0,8750.0,290758639.069458,113971.243586081
24,27043,476.0,5.0,6442,Pinnacle,,738.900962434027,7389.00962434027,1935795027.06067,395674.180712496
25,27045,917.0,7.0,9583,Rural Hall,,956.902848794741,9569.02848794741,666085549.25769,154538.589918543
26,27046,142.0,1.0,1953,Sandy Ridge,,727.086533538146,7270.86533538146,1237681699.0647,217125.573744555
27,27047,103.0,0.0,1279,Siloam,,805.316653635653,8053.16653635653,576295820.815674,144984.839113672
28,27048,631.0,5.0,8902,Stoneville,,708.82947652213,7088.2947652213,2355000804.03674,325454.766660313
29,27050,277.0,3.0,4084,Tobaccoville,,678.256611165524,6782.56611165524,703876500.567505,219088.1792708
30,27051,630.0,5.0,8287,Walkertown,,760.226861349101,7602.26861349101,524680317.775635,151066.808563308
31,27052,843.0,20.0,10061,Walnut Cove,,837.888877845145,8378.88877845145,2710320219.82117,403203.611044297
32,27053,176.0,1.0,3156,Westfield,,557.66793409379,5576.6793409379,2152815477.55933,413464.446930882
33,27054,258.0,4.0,2608,Woodleaf,,989.263803680982,9892.63803680982,778193820.583862,201172.963339102
34,27055,1559.0,24.0,14521,Yadkinville,,1073.61751945458,10736.1751945458,3115987965.39453,403366.49229781
35,27101,1630.0,32.0,24321,Winston Salem,,670.20270548086,6702.0270548086,356085731.400146,162957.922513793
36,27103,2764.0,38.0,36071,Winston Salem,,766.266529899365,7662.66529899365,527249856.672729,146399.561156354
37,27104,2324.0,31.0,29383,Winston Salem,,790.933532995269,7909.33532995269,337669863.683838,130394.134288752
38,27105,3612.0,33.0,40186,Winston Salem,,898.820484745931,8988.20484745932,950547784.577881,208375.813794777
39,27106,3944.0,49.0,51378,Winston Salem,,767.643738565145,7676.43738565145,787324720.967285,203893.681115083
40,27107,4401.0,40.0,52432,Winston Salem,,839.372902044553,8393.72902044553,1859279716.41162,319111.813640457
41,27127,3532.0,24.0,38510,Winston Salem,,917.164372890158,9171.64372890158,820319160.873047,213438.375685158
42,27157,40.0,0.0,5,Winston Salem,,,,827769.094482422,4216.57245655308
43,27203,2594.0,48.0,21876,Asheboro,,1185.77436460048,11857.7436460048,589408161.410522,188062.356665824
44,27205,3433.0,44.0,34549,Asheboro,,993.661176879215,9936.61176879215,6255653514.79199,588011.232518038
45,27207,259.0,2.0,3806,Bear Creek,,680.504466631634,6805.04466631634,2300194678.82397,473699.237818467
46,27208,138.0,1.0,1691,Bennett,,816.085156712005,8160.85156712005,1029479783.1405,215638.108979383
47,27209,679.0,40.0,4151,Biscoe,,1635.75042158516,16357.5042158516,1198089302.20734,259108.004034657
48,27212,372.0,1.0,1600,Blanch,,2325.0,23250.0,1328181375.12305,277007.39975067
49,27214,898.0,6.0,11747,Browns Summit,,764.450497999489,7644.50497999489,1414533235.94788,324969.092830869
50,27215,3972.0,62.0,44892,Burlington,,884.790163058006,8847.90163058006,1827823774.30115,298200.358945539
51,27217,4694.0,88.0,39111,Burlington,,1200.1738641303,12001.738641303,3473433663.33496,513818.51476852
52,27229,523.0,17.0,4014,Candor,,1302.93971101146,13029.3971101146,2747739848.89313,367384.611313313
53,27231,110.0,0.0,2048,Cedar Grove,,537.109375,5371.09375,987771348.581177,209108.769362036
54,27233,259.0,2.0,3647,Climax,,710.172744721689,7101.72744721689,703252829.253662,187154.002103638
55,27235,382.0,7.0,4575,Colfax,,834.972677595628,8349.72677595628,380654027.583252,148521.339190303
56,27239,770.0,12.0,9629,Denton,,799.667670578461,7996.67670578461,4319759872.9696,429373.198159064
57,27242,167.0,4.0,2668,Eagle Springs,,625.937031484258,6259.37031484258,1480408484.01825,321391.030328654
58,27243,250.0,3.0,4665,Efland,,535.905680600214,5359.05680600214,1142332751.10315,311755.144165646
59,27244,1727.0,18.0,16259,Elon,,1062.18094593763,10621.8094593763,1541989025.453,399696.340130384
60,27248,358.0,5.0,4835,Franklinville,,740.434332988625,7404.34332988625,942909114.352783,215710.992817749
61,27249,998.0,7.0,13355,Gibsonville,,747.285660801198,7472.85660801198,1679803774.77087,397477.611919868
62,27252,104.0,2.0,2264,Goldston,,459.363957597173,4593.63957597173,1142470673.17163,220926.147155476
63,27253,3156.0,42.0,31464,Graham,,1003.05110602593,10030.5110602593,2351372927.78931,521476.969804177
64,27258,616.0,8.0,7740,Haw River,,795.865633074935,7958.65633074935,473631125.268677,312686.877842211
65,27260,1943.0,37.0,25696,High Point,,756.148816936488,7561.48816936488,348441568.963501,133229.878739789
66,27262,1843.0,42.0,24764,High Point,,744.225488612502,7442.25488612502,368730084.700928,171087.864383377
67,27263,1919.0,32.0,22320,High Point,,859.767025089606,8597.67025089606,1121512604.52234,249658.228757679
68,27265,3857.0,47.0,50038,High Point,,770.814181222271,7708.14181222271,1172957282.41284,307481.490778656
69,27268,265.0,0.0,1695,High Point,,1563.42182890855,15634.2182890855,2495618.64758301,8251.66869064816
70,27278,1545.0,17.0,27181,Hillsborough,,568.411758213458,5684.11758213458,2885765742.02771,502574.675043234
71,27281,243.0,0.0,3710,Jackson Springs,,654.986522911051,6549.86522911051,2095606802.2608,479969.724586594
72,27282,1253.0,22.0,16597,Jamestown,,754.955714888233,7549.55714888233,404066994.873657,168803.970950205
73,27283,215.0,2.0,2982,Julian,,720.992622401073,7209.92622401073,711286368.914917,161239.518798817
74,27284,4555.0,63.0,56201,Kernersville,,810.483799220654,8104.83799220654,2233069317.10205,420748.080109325
75,27288,1702.0,21.0,23585,Eden,,721.645113419546,7216.45113419546,1951079100.05676,304615.616752016
76,27291,120.0,0.0,1538,Leasburg,,780.234070221066,7802.34070221066,1492904663.44434,314720.365319101
77,27292,3394.0,32.0,41465,Lexington,,818.521644760641,8185.21644760642,4270233445.18579,407599.915340798
78,27295,3520.0,46.0,39191,Lexington,,898.165395116226,8981.65395116226,3631502180.53174,466742.919509858
79,27298,733.0,9.0,10440,Liberty,,702.107279693487,7021.07279693487,2639148530.03284,431527.987760386
80,27299,522.0,4.0,5254,Linwood,,993.528740007613,9935.28740007613,822543412.257813,203597.604040365
81,27301,925.0,16.0,10019,Mc Leansville,,923.245832917457,9232.45832917457,900133716.655151,287107.537324028
82,27302,2261.0,12.0,32302,Mebane,,699.956659030401,6999.56659030401,3198656461.27478,644303.59427532
83,27305,149.0,1.0,1585,Milton,,940.06309148265,9400.6309148265,687167820.539429,263836.485514183
84,27306,622.0,16.0,5945,Mount Gilead,,1046.25735912532,10462.5735912532,5305900334.83325,426306.558627535
85,27310,578.0,3.0,8562,Oak Ridge,,675.075916841859,6750.75916841859,526240082.103149,140986.043049622
86,27311,246.0,1.0,3220,Pelham,,763.975155279503,7639.75155279503,1338371966.32642,293760.993606137
87,27312,879.0,25.0,22205,Pittsboro,,395.856789011484,3958.56789011484,5005768374.64233,617961.777569282
88,27313,461.0,19.0,7288,Pleasant Garden,,632.546652030735,6325.46652030735,760352714.59021,181619.740165306
89,27314,57.0,1.0,1138,Prospect Hill,,500.878734622144,5008.78734622144,773578280.842896,162162.976448062
90,27315,114.0,0.0,2140,Providence,,532.710280373832,5327.10280373832,697810511.310425,179457.95829655
91,27316,658.0,14.0,7156,Ramseur,,919.508105086641,9195.08105086641,1975410509.03577,278228.393914438
92,27317,1645.0,21.0,17851,Randleman,,921.517001848636,9215.17001848636,1700826686.43616,339539.515262609
93,27320,2825.0,20.0,38894,Reidsville,,726.333110505476,7263.33110505476,6966725984.64832,658218.836963247
94,27325,703.0,5.0,7676,Robbins,,915.841584158416,9158.41584158416,2401051783.47894,409075.895347679
95,27326,265.0,2.0,3692,Ruffin,,717.768147345612,7177.68147345612,1884156536.74561,359587.547530237
96,27330,3591.0,48.0,39529,Sanford,,908.446962989198,9084.46962989198,6011213414.18433,528161.840140257
97,27332,2583.0,25.0,33549,Sanford,,769.918626486631,7699.18626486631,2996782209.29614,417113.164836099
98,27341,464.0,2.0,5820,Seagrove,,797.250859106529,7972.50859106529,2678433259.4787,311632.157547413
99,27343,119.0,0.0,1840,Semora,,646.739130434783,6467.39130434783,1390260353.39624,348769.311430722
100,27344,1771.0,30.0,19290,Siler City,,918.092275790565,9180.92275790565,4591228058.44531,607903.308882544
101,27349,430.0,5.0,5850,Snow Camp,,735.042735042735,7350.42735042735,1831279532.651,381750.490582419
102,27350,553.0,6.0,7508,Sophia,,736.54768247203,7365.4768247203,1066449848.573,204602.636460839
103,27355,202.0,2.0,3196,Staley,,632.040050062578,6320.40050062578,1016358702.6969,245160.332752788
104,27356,325.0,7.0,3513,Star,,925.135212069456,9251.35212069456,1815293543.21783,348288.37985576
105,27357,786.0,15.0,8325,Stokesdale,,944.144144144144,9441.44144144144,1273124268.28796,223115.118835702
106,27358,934.0,6.0,15960,Summerfield,,585.213032581454,5852.13032581454,1557557662.14905,323017.176053331
107,27360,4394.0,55.0,48331,Thomasville,,909.147338147359,9091.47338147359,2458732404.91687,372395.85217249
108,27370,1372.0,28.0,14622,Trinity,,938.312132403228,9383.12132403228,1663817222.16028,344702.900725307
109,27371,831.0,10.0,7778,Troy,,1068.39804577012,10683.9804577012,4076136455.00793,473833.643450898
110,27376,758.0,14.0,9884,West End,,766.895993524889,7668.95993524889,1781050002.06519,320932.333330313
111,27377,779.0,5.0,9597,Whitsett,,811.711993331249,8117.11993331249,736936774.92627,183024.518653502
112,27379,536.0,18.0,6057,Yanceyville,,884.926531286115,8849.26531286115,2663338769.75159,422550.665080929
113,27401,1610.0,18.0,20221,Greensboro,,796.201968250828,7962.01968250828,171748092.127686,100334.769337553
114,27403,1211.0,16.0,21278,Greensboro,,569.132437259141,5691.32437259141,159396286.028687,87465.2545388649
115,27405,3999.0,41.0,52510,Greensboro,,761.569224909541,7615.69224909541,886695637.391357,284328.526421691
116,27406,4568.0,91.0,60755,Greensboro,,751.872273886923,7518.72273886923,1894160074.00403,327705.317343953
117,27407,3766.0,47.0,49837,Greensboro,,755.663462889018,7556.63462889018,840498790.451172,227731.576408348
118,27408,1107.0,5.0,17406,Greensboro,,635.987590486039,6359.87590486039,221403500.549561,80148.1616765212
119,27409,1248.0,13.0,17953,Greensboro,,695.148443157133,6951.48443157133,603872824.646484,239783.02449594
120,27410,3534.0,34.0,56968,Greensboro,,620.348265693021,6203.48265693021,859363574.914917,272309.563854046
121,27455,2137.0,53.0,29197,Greensboro,,731.92451279241,7319.2451279241,816075696.678345,198282.860420201
122,27501,1614.0,16.0,21338,Angier,,756.397038147905,7563.97038147905,1683348454.90833,329143.189780915
123,27502,2141.0,7.0,43747,Apex,,489.40498777059,4894.0498777059,840126405.51062,242725.298081049
124,27503,164.0,0.0,7222,Bahama,,227.083910274162,2270.83910274162,1054708975.44934,246183.053747647
125,27504,1663.0,18.0,16320,Benson,,1018.99509803922,10189.9509803922,2584462015.08862,486262.181304732
126,27505,537.0,7.0,7308,Broadway,,734.811165845649,7348.11165845649,1509842573.20557,320128.840505679
127,27507,150.0,2.0,2053,Bullock,,730.638090599123,7306.38090599123,1354883649.98218,266873.357504053
128,27508,276.0,0.0,2340,Bunn,,1179.48717948718,11794.8717948718,312599782.273071,114289.902416244
129,27509,1595.0,37.0,6935,Butner,,2299.92790194665,22999.2790194665,507253453.414795,156294.942704551
130,27510,783.0,8.0,14543,Carrboro,,538.403355566252,5384.03355566252,88705554.5671387,57867.6032694508
131,27511,1850.0,18.0,34041,Cary,,543.462295467231,5434.62295467231,333520579.048462,98702.6527265331
132,27513,2095.0,13.0,49003,Cary,,427.524845417627,4275.24845417627,474399121.186279,162336.294574525
133,27514,1506.0,24.0,32847,Chapel Hill,,458.489359758882,4584.89359758882,579057212.663452,190879.985276748
134,27516,2029.0,15.0,44117,Chapel Hill,,459.913412063377,4599.13412063377,2564236091.9281,438904.079251583
135,27517,1116.0,15.0,28831,Chapel Hill,,387.08334778537,3870.8334778537,1520140847.99951,299162.993678501
136,27518,1037.0,4.0,22765,Cary,,455.523830441467,4555.23830441467,262665807.612671,130741.025823352
137,27519,2307.0,7.0,59960,Cary,,384.756504336224,3847.56504336224,609072010.422363,166930.324843009
138,27520,4110.0,57.0,43958,Clayton,,934.983393239001,9349.83393239001,1962402119.35425,374945.851452289
139,27521,640.0,8.0,7149,Coats,,895.230102112183,8952.30102112184,721041350.168091,174373.299688566
140,27522,999.0,4.0,13652,Creedmoor,,731.760914151773,7317.60914151773,2172960809.67273,361578.814896966
141,27523,613.0,0.0,12782,Apex,,479.580660303552,4795.80660303552,1210964088.06177,294058.887697931
142,27524,1315.0,14.0,13532,Four Oaks,,971.770617794857,9717.70617794857,3831785222.9375,530912.577014992
143,27525,1307.0,2.0,15534,Franklinton,,841.380198274752,8413.80198274752,2660281050.9928,421324.476104612
144,27526,3433.0,37.0,54027,Fuquay Varina,,635.423029226128,6354.23029226128,2787678657.25134,460586.982042285
145,27527,2268.0,9.0,30234,Clayton,,750.148839055368,7501.48839055368,1261348608.45837,213730.175971786
146,27529,4319.0,58.0,53854,Garner,,801.983139599658,8019.83139599658,1666161335.17407,336033.618547781
147,27530,2981.0,70.0,40212,Goldsboro,,741.320998706854,7413.20998706854,2920081393.96802,465673.796837526
148,27531,10.0,0.0,666,Goldsboro,,150.15015015015,1501.5015015015,123956304.007813,71472.4653387502
149,27534,2557.0,68.0,31819,Goldsboro,,803.607907225243,8036.07907225243,1995982542.31616,394454.137280507
150,27536,1728.0,46.0,16459,Henderson,,1049.88152378638,10498.8152378638,359552678.037964,148817.062353839
151,27537,2328.0,34.0,25321,Henderson,,919.394968603136,9193.94968603136,5545289733.50195,795404.906342346
152,27539,1287.0,6.0,26567,Apex,,484.435577972673,4844.35577972673,805959451.628174,335082.894750929
153,27540,2309.0,5.0,39075,Holly Springs,,590.914907229686,5909.14907229686,1299006108.57275,339054.617126205
154,27541,277.0,1.0,4044,Hurdle Mills,,684.965380811078,6849.65380811078,1979862536.66309,328579.598479954
155,27542,817.0,13.0,10043,Kenly,,813.501941650901,8135.01941650901,2499059670.1123,366253.348192187
156,27544,371.0,2.0,4291,Kittrell,,864.600326264274,8646.00326264274,1645813165.28467,322022.503716068
157,27545,2780.0,33.0,30327,Knightdale,,916.674910146074,9166.74910146074,885541868.759766,219250.012614228
158,27546,1913.0,71.0,22436,Lillington,,852.647530754145,8526.47530754145,3433026188.83105,510775.88711738
159,27549,2007.0,33.0,25224,Louisburg,,795.670789724072,7956.70789724072,6636124442.18066,817297.028533166
160,27551,104.0,3.0,2205,Macon,,471.655328798186,4716.55328798186,2443966870.98499,402849.299843212
161,27553,457.0,0.0,2030,Manson,,2251.2315270936,22512.315270936,1245206626.07959,217969.561788749
162,27556,20.0,0.0,298,Middleburg,,671.140939597315,6711.40939597315,67850312.0914307,63490.7222823736
163,27557,686.0,3.0,9214,Middlesex,,744.519209897981,7445.19209897981,2046463550.40088,338861.342265204
164,27559,126.0,0.0,2874,Moncure,,438.413361169102,4384.13361169102,1458825370.29968,366837.077035256
165,27560,1601.0,10.0,33691,Morrisville,,475.201092279837,4752.01092279837,794384947.373291,268297.11970144
166,27562,214.0,0.0,2791,New Hill,,766.750268720889,7667.50268720889,1862081556.93738,349507.762295745
167,27563,356.0,5.0,5312,Norlina,,670.180722891566,6701.80722891566,1943381370.69177,412640.540954252
168,27565,2338.0,39.0,26057,Oxford,,897.263691138657,8972.63691138657,9219811779.9552,826827.222809144
169,27569,898.0,6.0,8984,Princeton,,999.554764024933,9995.54764024933,2107084820.73511,313917.550563748
170,27571,634.0,0.0,7385,Rolesville,,858.496953283683,8584.96953283683,149121249.193359,94251.9264704589
171,27572,381.0,3.0,7316,Rougemont,,520.776380535812,5207.76380535812,3003228111.9873,397658.617230022
172,27573,1058.0,49.0,11561,Roxboro,,915.145748637661,9151.45748637661,501787874.430542,219611.309648669
173,27574,1024.0,9.0,15232,Roxboro,,672.268907563025,6722.68907563025,5527133817.3114,691755.452465683
174,27576,1833.0,22.0,20197,Selma,,907.560528791405,9075.60528791405,2407427117.65723,339571.106645256
175,27577,2774.0,40.0,25214,Smithfield,,1100.18243832791,11001.8243832791,2877290650.99841,416726.966278933
176,27581,262.0,1.0,3956,Stem,,662.285136501517,6622.85136501517,1038615853.81189,246789.101888964
177,27583,545.0,6.0,7012,Timberlake,,777.239018824872,7772.39018824872,1327957318.65857,326956.719649922
178,27587,5765.0,44.0,74087,Wake Forest,,778.139214707034,7781.39214707034,3132804734.81897,700749.84181148
179,27589,639.0,6.0,8312,Warrenton,,768.768046198267,7687.68046198268,4790731000.68542,626837.217934379
180,27591,2101.0,22.0,23448,Wendell,,896.025247355851,8960.25247355851,1913446220.02844,380727.392057269
181,27592,1202.0,4.0,17368,Willow Spring,,692.07738369415,6920.7738369415,1090932847.86865,312475.180771683
182,27596,1477.0,5.0,18655,Youngsville,,791.744840525328,7917.44840525328,1519151285.28821,344366.073155402
183,27597,2337.0,19.0,25494,Zebulon,,916.6862791245,9166.862791245,3191967656.80884,568385.679042481
184,27601,810.0,6.0,12139,Raleigh,,667.270780130159,6672.70780130159,49970514.2080078,41226.7428180515
185,27603,4159.0,16.0,55479,Raleigh,,749.653021864129,7496.53021864129,1420350588.63403,346107.072534996
186,27604,3901.0,41.0,47645,Raleigh,,818.76377374331,8187.6377374331,550434833.049927,194088.121184431
187,27605,558.0,17.0,5253,Raleigh,,1062.25014277556,10622.5014277556,26954475.7900391,26465.2700663817
188,27606,2977.0,8.0,47938,Raleigh,,621.010471859485,6210.10471859485,750229681.939209,267151.497057326
189,27607,1891.0,9.0,30296,Raleigh,,624.174808555585,6241.74808555585,519162282.902344,200611.380547666
190,27608,836.0,1.0,11603,Raleigh,,720.503318107386,7205.03318107386,91889809.9622803,55583.7467967219
191,27609,2827.0,23.0,38631,Raleigh,,731.795708110067,7317.95708110067,310136046.756592,95880.163026763
192,27610,7650.0,63.0,74203,Raleigh,,1030.95562174036,10309.5562174036,1211166911.84558,327751.489063642
193,27612,2564.0,32.0,39208,Raleigh,,653.948173842073,6539.48173842073,428868509.332275,164483.082879678
194,27613,2560.0,11.0,46521,Raleigh,,550.289116742976,5502.89116742976,675406849.409912,184431.643996557
195,27614,2291.0,19.0,37689,Raleigh,,607.869670195548,6078.69670195548,829063194.918701,218912.319813944
196,27615,2901.0,41.0,46038,Raleigh,,630.131630392285,6301.31630392285,525952454.993774,134192.839940925
197,27616,4899.0,20.0,55260,Raleigh,,886.536373507058,8865.36373507058,646426991.218628,201092.505637391
198,27617,1245.0,2.0,19511,Raleigh,,638.101583722003,6381.01583722003,230483847.672241,125016.743498849
199,27701,1892.0,15.0,26489,Durham,,714.258748914644,7142.58748914644,147212202.097778,89264.6755119976
200,27703,4807.0,26.0,61351,Durham,,783.524310932177,7835.24310932177,1376809528.09961,349864.156739061
201,27704,3723.0,35.0,39369,Durham,,945.66791130077,9456.6791130077,1307759376.10449,279407.953507315
202,27705,3100.0,72.0,48078,Durham,,644.785556803528,6447.85556803528,1155101566.94189,288440.086812307
203,27707,3077.0,16.0,47036,Durham,,654.179777191938,6541.79777191938,551326002.510864,228660.826032165
204,27708,83.0,0.0,4635,Durham,,179.072276159655,1790.72276159655,24140532.868042,39624.2440738689
205,27709,133.0,0.0,4,Durham,,,,166810196.870483,93465.8554704913
206,27710,6.0,0.0,0,Durham,,,,3645590.83996582,9509.21127183631
207,27712,1263.0,28.0,22055,Durham,,572.659260938563,5726.59260938563,952678558.948486,239427.124284805
208,27713,2926.0,24.0,53996,Durham,,541.891991999407,5418.91991999407,1004016276.63342,186930.768828538
209,27801,1688.0,19.0,21556,Rocky Mount,,783.076637595101,7830.76637595101,1947625744.14368,298032.749540484
210,27803,1770.0,23.0,22337,Rocky Mount,,792.407216725612,7924.07216725612,1209689022.16736,314786.382274833
211,27804,2892.0,79.0,29160,Rocky Mount,,991.769547325103,9917.69547325103,1207912397.80139,237805.719395058
212,27805,210.0,2.0,3769,Aulander,,557.176970018573,5571.76970018573,3260348789.01416,427031.578041759
213,27806,153.0,2.0,2441,Aurora,,626.792298238427,6267.92298238427,3806890944.80762,575449.481817415
214,27807,790.0,10.0,6940,Bailey,,1138.32853025937,11383.2853025937,1393278091.89233,266050.599193056
215,27808,187.0,3.0,2481,Bath,,753.72833534865,7537.2833534865,1375581489.5946,320371.987641635
216,27809,466.0,8.0,5254,Battleboro,,886.943281309478,8869.43281309479,2127311815.53979,418206.140952668
217,27812,241.0,1.0,2951,Bethel,,816.672314469671,8166.72314469671,1796512894.90283,307599.921723871
218,27813,54.0,0.0,687,Black Creek,,786.026200873362,7860.26200873362,17954681.8726807,21851.3845296183
219,27814,111.0,2.0,1801,Blounts Creek,,616.324264297612,6163.24264297612,2084052221.88855,349050.345630614
220,27816,228.0,3.0,2634,Castalia,,865.603644646925,8656.03644646925,1727056405.90051,269780.663460198
221,27817,612.0,5.0,7777,Chocowinity,,786.935836440787,7869.35836440787,3011254799.10022,441922.251479678
222,27818,103.0,1.0,1269,Como,,811.662726556344,8116.62726556344,1775223218.97412,291672.91933713
223,27820,193.0,2.0,3292,Conway,,586.269744835966,5862.69744835966,1787180209.86865,300570.413456991
224,27822,870.0,12.0,9119,Elm City,,954.051979383704,9540.51979383704,2421416079.34338,500329.938801193
225,27823,681.0,8.0,7812,Enfield,,871.73579109063,8717.3579109063,5279947738.18738,591795.38238411
226,27827,21.0,0.0,99,Falkland,,2121.21212121212,21212.1212121212,6818760.54968262,12365.1347191574
227,27828,780.0,8.0,9031,Farmville,,863.691728490754,8636.91728490754,1954373169.79175,304535.643741104
228,27829,179.0,1.0,1872,Fountain,,956.196581196581,9561.96581196581,1242859232.87109,276952.810668188
229,27830,307.0,6.0,4858,Fremont,,631.947303417044,6319.47303417044,1661392631.86707,301522.072838785
230,27831,300.0,4.0,3588,Garysburg,,836.120401337793,8361.20401337793,1733783751.73071,369102.732751728
231,27832,313.0,7.0,2912,Gaston,,1074.86263736264,10748.6263736264,1029571544.94922,217897.088475999
232,27834,5638.0,29.0,57505,Greenville,,980.436483784019,9804.36483784019,5082356628.8689,890421.476518531
233,27837,582.0,3.0,6506,Grimesland,,894.558868736551,8945.58868736551,1710764546.60681,462288.004070908
234,27839,243.0,4.0,3702,Halifax,,656.401944894651,6564.01944894651,3728459644.54443,454921.143892168
235,27840,55.0,3.0,535,Hamilton,,1028.03738317757,10280.3738317757,127567387.286499,59155.8177418193
236,27842,69.0,0.0,1436,Henrico,,480.50139275766,4805.0139275766,414285932.678223,116849.514846702
237,27843,105.0,1.0,946,Hobgood,,1109.93657505285,11099.3657505285,1458584246.23853,232329.162988765
238,27844,250.0,5.0,3039,Hollister,,822.639025995393,8226.39025995393,1251113401.94934,274076.283965929
239,27845,203.0,2.0,2841,Jackson,,714.537134811686,7145.37134811686,2842001076.66528,416912.567186113
240,27846,276.0,3.0,3069,Jamesville,,899.315738025416,8993.15738025416,3050744149.28796,442133.927899832
241,27847,53.0,0.0,1071,Kelford,,494.864612511671,4948.64612511671,1048559305.60547,265580.578438826
242,27849,98.0,2.0,1483,Lewiston Woodville,,660.822656776804,6608.22656776804,2062202839.65674,367759.436044123
243,27850,410.0,6.0,7413,Littleton,,553.082422770808,5530.82422770808,5554617534.52942,570792.398502674
244,27851,483.0,5.0,5595,Lucama,,863.270777479893,8632.70777479893,1253082833.57764,200836.347936783
245,27852,220.0,3.0,3454,Macclesfield,,636.942675159236,6369.42675159236,1418996205.83582,268041.951522527
246,27853,31.0,0.0,436,Margarettsville,,711.009174311927,7110.09174311927,1061331085.73535,233986.055045062
247,27855,421.0,5.0,6105,Murfreesboro,,689.59868959869,6895.9868959869,1379257056.24951,246550.621363096
248,27856,2170.0,30.0,17301,Nashville,,1254.26275937807,12542.6275937807,3696764195.94336,508647.139191863
249,27857,118.0,4.0,1601,Oak City,,737.039350405996,7370.39350405996,2180191629.70935,354763.313675516
250,27858,5564.0,18.0,58170,Greenville,,956.506790441809,9565.06790441809,1683129152.90881,395293.630437
251,27860,167.0,2.0,2062,Pantego,,809.893307468477,8098.93307468477,4384086912.80859,475177.331131482
252,27862,44.0,0.0,945,Pendleton,,465.608465608466,4656.08465608466,1337735767.81812,305131.144563485
253,27863,934.0,18.0,12670,Pikeville,,737.174427782163,7371.74427782163,1822358483.62146,414140.550515842
254,27864,485.0,6.0,4823,Pinetops,,1005.5981754095,10055.981754095,1058515929.69434,223861.53375515
255,27865,201.0,5.0,2003,Pinetown,,1003.49475786321,10034.9475786321,3183419700.15735,407140.115990912
256,27866,69.0,1.0,672,Pleasant Hill,,1026.78571428571,10267.8571428571,548856343.547363,183824.668332886
257,27869,267.0,14.0,2167,Rich Square,,1232.11813567144,12321.1813567144,2314340977.34839,283794.508144883
258,27870,2762.0,57.0,26633,Roanoke Rapids,,1037.05928735028,10370.5928735028,1958976214.39966,237465.130853914
259,27871,360.0,5.0,4466,Robersonville,,806.090461262875,8060.90461262875,2640265625.23401,370404.169208956
260,27874,342.0,9.0,4766,Scotland Neck,,717.582878724297,7175.82878724297,3988089594.78687,425091.541566969
261,27876,103.0,2.0,1290,Seaboard,,798.449612403101,7984.49612403101,1161065802.28784,286123.221519332
262,27880,369.0,0.0,3280,Sims,,1125.0,11250.0,661768421.449585,178936.521495753
263,27882,802.0,9.0,7927,Spring Hope,,1011.73205500189,10117.3205500189,2721376125.90833,404465.358087667
264,27883,314.0,3.0,4361,Stantonsburg,,720.018344416418,7200.18344416418,2149873597.18677,378850.12800901
265,27884,164.0,1.0,1545,Stokes,,1061.48867313916,10614.8867313916,1118165618.53992,178810.199825372
266,27885,299.0,4.0,859,Swanquarter,,3480.79161816065,34807.9161816065,3236637890.30994,778832.459471456
267,27886,2017.0,70.0,21595,Tarboro,,934.012502894188,9340.12502894188,5534275751.92761,530150.851444626
268,27888,237.0,0.0,2803,Walstonburg,,845.522654298965,8455.22654298965,1661899290.0293,260588.447365408
269,27889,2778.0,62.0,27543,Washington,,1008.6047271539,10086.047271539,4746901259.41052,624948.845007958
270,27890,239.0,14.0,2398,Weldon,,996.663886572144,9966.63886572143,250295126.203369,88214.5142201125
271,27891,436.0,7.0,5011,Whitakers,,870.085811215326,8700.85811215326,3802342458.24487,551887.618669609
272,27892,1342.0,22.0,14363,Williamston,,934.345192508529,9343.45192508529,4740161664.64209,528153.604658045
273,27893,4308.0,95.0,40647,Wilson,,1059.85681600118,10598.5681600118,3134674028.43115,441390.734015219
274,27896,2132.0,32.0,21212,Wilson,,1005.09145766547,10050.9145766547,1013992738.34033,260787.736893695
275,27897,116.0,1.0,2467,Woodland,,470.20672882043,4702.0672882043,1262848506.99878,250563.523857377
276,27909,3020.0,78.0,40958,Elizabeth City,,737.340690463402,7373.40690463402,6356628470.42627,720925.199090358
277,27910,1173.0,49.0,11609,Ahoskie,,1010.42294771298,10104.2294771298,3854004911.8667,558805.248838311
278,27915,27.0,0.0,758,Avon,,356.200527704486,3562.00527704486,132797325.68457,159985.858445685
279,27916,45.0,0.0,554,Aydlett,,812.274368231047,8122.74368231047,175446906.710938,88834.9392660151
280,27917,110.0,6.0,1084,Barco,,1014.76014760148,10147.6014760148,583346697.773926,150643.300800981
281,27922,74.0,4.0,1107,Cofield,,668.473351400181,6684.73351400181,1372106941.59424,230585.938382193
282,27924,261.0,3.0,3509,Colerain,,743.801652892562,7438.01652892562,2545571117.46045,325068.518729581
283,27925,303.0,6.0,4164,Columbia,,727.665706051873,7276.65706051873,9421043776.67224,822613.133571787
284,27926,87.0,1.0,1965,Corapeake,,442.748091603053,4427.48091603053,1084179276.0813,176947.978129327
285,27927,24.0,0.0,613,Corolla,,391.517128874388,3915.17128874388,685869287.21875,1266393.74615984
286,27928,132.0,4.0,1888,Creswell,,699.152542372881,6991.52542372881,3736346955.86023,344143.792077436
287,27929,110.0,1.0,1949,Currituck,,564.391995895331,5643.91995895331,352573124.774658,146317.944454099
288,27932,1210.0,21.0,12644,Edenton,,956.975640620057,9569.75640620057,3509551689.6084,391797.495792958
289,27935,98.0,3.0,1674,Eure,,585.424133811231,5854.24133811231,1443577833.21069,213483.780281898
290,27937,224.0,1.0,4253,Gates,,526.687044439219,5266.87044439219,2407949124.70361,290137.740864669
291,27938,120.0,7.0,1430,Gatesville,,839.160839160839,8391.60839160839,1202645918.03784,229961.178585235
292,27942,51.0,1.0,936,Harrellsville,,544.871794871795,5448.71794871795,927451831.666504,150762.800286803
293,27944,820.0,7.0,12230,Hertford,,670.482420278005,6704.82420278005,5013940953.42065,828274.577378666
294,27946,73.0,0.0,1089,Hobbsville,,670.339761248852,6703.39761248852,1234977495.96777,250163.996071758
295,27948,633.0,0.0,12518,Kill Devil Hills,,505.671832561112,5056.71832561112,288939959.776123,266090.270790261
296,27949,334.0,2.0,7235,Kitty Hawk,,461.644782308224,4616.44782308224,426732703.740967,296487.581606319
297,27950,54.0,0.0,2183,Knotts Island,,247.366010077874,2473.66010077874,1009906812.90234,393684.159837613
298,27957,99.0,4.0,1419,Merry Hill,,697.674418604651,6976.74418604651,1345289022.66797,219570.3989813
299,27958,648.0,6.0,12061,Moyock,,537.268883177183,5372.68883177183,2191273226.67993,258895.732965411
300,27959,176.0,1.0,2451,Nags Head,,718.074255405957,7180.74255405957,464337538.219238,468359.824712585
301,27962,611.0,20.0,7439,Plymouth,,821.346955235919,8213.46955235919,2248894843.11377,323982.422404071
302,27966,45.0,0.0,1473,Powells Point,,305.498981670061,3054.98981670061,310362212.773438,140593.315765635
303,27968,13.0,0.0,413,Rodanthe,,314.769975786925,3147.69975786925,255307311.38855,376970.397727617
304,27970,257.0,7.0,3214,Roper,,799.626633478531,7996.26633478531,3979984913.95898,386215.845703473
305,27976,223.0,1.0,3561,South Mills,,626.228587475428,6262.28587475428,2739484648.62012,348819.066033239
306,27979,86.0,0.0,1813,Sunbury,,474.351902923332,4743.51902923332,2196378526.26221,272849.595585558
307,27982,,,0,Waves,Population <500 and Cases <5,,,5381164.09509277,11228.317119066
308,27983,919.0,27.0,10633,Windsor,,864.29041662748,8642.9041662748,9431469996.22351,861662.756904591
309,27986,164.0,3.0,2650,Winton,,618.867924528302,6188.67924528302,374234308.870117,153016.850399202
310,28001,3015.0,79.0,28360,Albemarle,,1063.11706629055,10631.1706629055,3791255242.38873,479491.354130006
311,28006,115.0,0.0,1136,Alexis,,1012.32394366197,10123.2394366197,126883649.701416,88485.0702727942
312,28012,2518.0,20.0,24276,Belmont,,1037.23842478168,10372.3842478168,865729022.118042,170607.841876971
313,28016,1431.0,22.0,14526,Bessemer City,,985.130111524164,9851.30111524163,1271825919.55414,236943.686135101
314,28018,529.0,19.0,5943,Bostic,,890.122833585731,8901.22833585731,2694770404.83051,433562.153950885
315,28020,230.0,1.0,2464,Casar,,933.441558441558,9334.41558441558,1475633951.64899,260515.821792163
316,28021,1355.0,34.0,13436,Cherryville,,1008.48466805597,10084.8466805597,1626380587.60425,391038.422631114
317,28023,1542.0,17.0,14843,China Grove,,1038.87354308428,10388.7354308428,1273875684.14087,277795.952246167
318,28025,5125.0,71.0,55325,Concord,,926.344328965206,9263.44328965206,2992149162.05573,466210.81613651
319,28027,6355.0,71.0,74072,Concord,,857.949022572632,8579.49022572632,1903468707.60345,332965.289746403
320,28031,2568.0,23.0,31049,Cornelius,,827.079777126477,8270.79777126478,672168572.25116,151594.592125485
321,28032,349.0,1.0,3249,Cramerton,,1074.17666974454,10741.7666974454,59161626.1264038,51515.5503878613
322,28033,372.0,4.0,3362,Crouse,,1106.48423557406,11064.8423557406,509703222.739563,189532.085619349
323,28034,2220.0,29.0,17859,Dallas,,1243.07072064505,12430.7072064505,1273410668.68243,215322.291269956
324,28036,1453.0,15.0,18554,Davidson,,783.119542955697,7831.19542955697,669928559.48645,197029.793668161
325,28037,2396.0,7.0,23834,Denver,,1005.28656541076,10052.8656541076,1521729514.62848,312689.389421741
326,28039,49.0,4.0,428,East Spencer,,1144.85981308411,11448.5981308411,13759835.5942383,34526.6128305972
327,28040,692.0,10.0,8270,Ellenboro,,836.759371221282,8367.59371221282,1773879551.02985,348064.117544275
328,28043,2304.0,72.0,21472,Forest City,,1073.02533532042,10730.2533532042,1816346053.52002,348394.442075552
329,28052,3809.0,78.0,36823,Gastonia,,1034.40784292426,10344.0784292426,1165429048.27631,189783.469072903
330,28054,4216.0,74.0,40184,Gastonia,,1049.17380051762,10491.7380051762,562652947.772949,139549.083675328
331,28056,3749.0,40.0,35595,Gastonia,,1053.23781429976,10532.3781429976,1342394953.02258,344787.60681341
332,28071,300.0,4.0,3198,Gold Hill,,938.086303939962,9380.86303939962,1345839018.92865,236923.074375116
333,28073,507.0,10.0,5606,Grover,,904.388155547628,9043.88155547628,702973243.533203,143952.911566798
334,28075,1616.0,14.0,19174,Harrisburg,,842.807969124857,8428.07969124857,656107496.741638,238150.023406484
335,28078,5241.0,47.0,66079,Huntersville,,793.141542698891,7931.41542698891,1870251820.14679,316647.648839996
336,28079,3497.0,28.0,39813,Indian Trail,,878.356315776254,8783.56315776254,1221176124.08392,283660.370334182
337,28080,759.0,4.0,8157,Iron Station,,930.48915042295,9304.8915042295,1095921164.38501,240845.709042299
338,28081,2632.0,37.0,28249,Kannapolis,,931.714396969804,9317.14396969804,862858421.935425,200259.108957382
339,28083,2439.0,37.0,25877,Kannapolis,,942.535842640182,9425.35842640182,582493569.448059,145983.725103448
340,28086,3062.0,62.0,26988,Kings Mountain,,1134.57833111012,11345.7833111012,2467878462.36133,329807.139806484
341,28088,375.0,1.0,3059,Landis,,1225.8908139915,12258.908139915,72787169.9580688,52885.3256566675
342,28090,671.0,12.0,8506,Lawndale,,788.854925934634,7888.54925934634,2661358061.4715,458218.963524002
343,28091,174.0,1.0,2353,Lilesville,,739.481512962176,7394.81512962176,2694411423.45477,313074.926269122
344,28092,4220.0,46.0,40052,Lincolnton,,1053.63028063517,10536.3028063517,3216596915.74634,535483.341451103
345,28097,698.0,3.0,6124,Locust,,1139.77792292619,11397.7792292619,836579136.406799,181830.474266294
346,28098,367.0,2.0,4010,Lowell,,915.211970074813,9152.11970074813,99103128.4535522,49283.194148661
347,28103,1072.0,24.0,11346,Marshville,,944.826370527058,9448.26370527058,4253866560.83563,449440.107851782
348,28104,2476.0,10.0,32469,Matthews,,762.573531676368,7625.73531676368,824578845.587585,325979.692599077
349,28105,3397.0,70.0,45346,Matthews,,749.128919860627,7491.28919860627,668165195.784729,278013.840820393
350,28107,829.0,8.0,8210,Midland,,1009.74421437272,10097.4421437272,1388640520.38739,250943.513182056
351,28110,5584.0,63.0,55536,Monroe,,1005.47392682224,10054.7392682224,3676478383.48267,422255.233862207
352,28112,2902.0,43.0,28060,Monroe,,1034.21240199572,10342.1240199572,3713382117.46545,318461.97727687
353,28114,721.0,5.0,9034,Mooresboro,,798.096081470002,7980.96081470002,1900066101.23077,346437.871140422
354,28115,3456.0,27.0,41536,Mooresville,,832.049306625578,8320.49306625578,2057262512.61176,327151.756863337
355,28117,4045.0,20.0,47608,Mooresville,,849.647118131407,8496.47118131407,1555969690.69189,234425.757349855
356,28119,275.0,8.0,3034,Morven,,906.394199077126,9063.94199077126,1970357677.74512,298425.648226889
357,28120,2364.0,34.0,24318,Mount Holly,,972.119417715273,9721.19417715273,1001654680.08618,272689.093586748
358,28124,590.0,8.0,7015,Mount Pleasant,,841.054882394868,8410.54882394868,1620148303.23315,301866.136666845
359,28125,261.0,1.0,2657,Mount Ulla,,982.310876928867,9823.10876928867,1169162879.13867,198953.955252748
360,28127,1044.0,7.0,7631,New London,,1368.10378718386,13681.0378718386,2159940152.89789,468250.659328753
361,28128,738.0,9.0,8098,Norwood,,911.336132378365,9113.36132378365,2054286113.35083,282114.674844027
362,28129,554.0,6.0,6031,Oakboro,,918.587298955397,9185.87298955397,1226619926.53345,219035.034364981
363,28133,255.0,4.0,2713,Peachland,,939.918908956874,9399.18908956874,2384968915.9574,421295.337069002
364,28134,1167.0,20.0,11817,Pineville,,987.560294490988,9875.60294490988,248618254.324951,88085.4538299007
365,28135,507.0,6.0,5968,Polkton,,849.530831099196,8495.30831099196,2916374106.84241,475980.429437206
366,28137,307.0,4.0,3843,Richfield,,798.855061150143,7988.55061150143,1223676252.05975,291589.496037827
367,28138,1032.0,19.0,11659,Rockwell,,885.153100608972,8851.53100608972,1278406256.12445,357387.534646104
368,28139,1959.0,75.0,20134,Rutherfordton,,972.981027118307,9729.81027118307,5078697342.95056,674832.691106946
369,28144,2564.0,65.0,25846,Salisbury,,992.029714462586,9920.29714462586,867982991.287292,279505.654446658
370,28146,2933.0,48.0,30382,Salisbury,,965.374234744256,9653.74234744257,3012969418.7887,452196.720325258
371,28147,3235.0,81.0,26204,Salisbury,,1234.5443443749,12345.443443749,2146390330.37,312495.471896358
372,28150,3065.0,87.0,29296,Shelby,,1046.21791370836,10462.1791370836,3159764942.52783,579453.815714684
373,28152,2564.0,42.0,26078,Shelby,,983.204233453486,9832.04233453486,2247420971.2251,304211.560780765
374,28159,389.0,15.0,3126,Spencer,,1244.40179142674,12444.0179142674,51886096.1330566,42602.5220628392
375,28160,509.0,12.0,4015,Spindale,,1267.74595267746,12677.4595267746,170326604.450989,70799.3749654705
376,28163,504.0,3.0,5814,Stanfield,,866.87306501548,8668.7306501548,970276414.142883,191731.821086023
377,28164,1502.0,40.0,15447,Stanley,,972.357091991973,9723.57091991973,1144736813.58362,324856.854746788
378,28166,916.0,18.0,9868,Troutman,,928.252938792055,9282.52938792055,911716953.816406,217041.310552798
379,28167,207.0,3.0,2418,Union Mills,,856.079404466501,8560.79404466501,1934997992.23633,347927.953502144
380,28168,1112.0,13.0,10437,Vale,,1065.44026061129,10654.4026061129,2469130589.68384,340004.345415379
381,28170,1109.0,33.0,12494,Wadesboro,,887.626060509044,8876.26060509044,5053183842.2157,655726.472285971
382,28173,4737.0,29.0,63837,Waxhaw,,742.046148785187,7420.46148785187,3045162637.21796,318858.064536165
383,28174,1096.0,5.0,9287,Wingate,,1180.14428771401,11801.4428771401,985461754.807983,246986.820118662
384,28202,1800.0,1.0,16755,Charlotte,,1074.30617726052,10743.0617726052,50452583.9099121,34485.9053855683
385,28203,2073.0,5.0,19070,Charlotte,,1087.04771893026,10870.4771893026,91001089.479126,54761.2733662689
386,28204,974.0,6.0,8738,Charlotte,,1114.67154955367,11146.7154955367,48899100.5548096,40761.7265321132
387,28205,4450.0,58.0,51821,Charlotte,,858.725227224484,8587.25227224484,335820474.82135,104910.810677792
388,28206,1475.0,8.0,15244,Charlotte,,967.593807399633,9675.93807399633,182577260.697876,71458.050216539
389,28207,775.0,5.0,9761,Charlotte,,793.976027046409,7939.76027046409,68333859.7921753,36157.3958026361
390,28208,4003.0,41.0,39944,Charlotte,,1002.15301421991,10021.5301421991,595973347.5495,157267.598078636
391,28209,2072.0,11.0,26012,Charlotte,,796.555435952637,7965.55435952637,157335764.525879,72359.4847682198
392,28210,3945.0,35.0,44704,Charlotte,,882.471367215462,8824.71367215462,342547124.476257,112745.958411282
393,28211,2386.0,66.0,31253,Charlotte,,763.446709115925,7634.46709115925,292827786.05603,102838.759144167
394,28212,4334.0,33.0,42744,Charlotte,,1013.94347744713,10139.4347744713,237710291.866211,96077.3791004252
395,28213,4659.0,43.0,45338,Charlotte,,1027.61480435837,10276.1480435837,412614569.613403,162252.089416931
396,28214,4484.0,30.0,41208,Charlotte,,1088.13822558726,10881.3822558726,965554836.030151,224926.880987091
397,28215,6297.0,54.0,60256,Charlotte,,1045.04115772703,10450.4115772703,782010510.903748,222976.412140327
398,28216,5470.0,53.0,58744,Charlotte,,931.158926869127,9311.58926869127,857978895.941772,184761.316525275
399,28217,3106.0,18.0,30875,Charlotte,,1005.99190283401,10059.9190283401,428067925.271423,132462.900799897
400,28226,2916.0,32.0,40227,Charlotte,,724.886270415393,7248.86270415393,430471271.22644,131097.087702525
401,28227,5451.0,46.0,57319,Charlotte,,950.993562344074,9509.93562344074,1173416755.00244,297066.255269002
402,28262,3835.0,40.0,43683,Charlotte,,877.915894054895,8779.15894054895,593648477.600464,159979.41236041
403,28269,6727.0,48.0,81464,Charlotte,,825.763527447707,8257.63527447707,840640266.840637,192155.045229048
404,28270,2124.0,25.0,34753,Charlotte,,611.170258682704,6111.70258682704,345778417.622314,161555.486865571
405,28273,4100.0,35.0,40544,Charlotte,,1011.24704025257,10112.4704025257,614626385.142517,192801.276498243
406,28277,4732.0,21.0,72020,Charlotte,,657.039711191336,6570.39711191336,675381884.726379,144850.675101077
407,28278,2738.0,11.0,32539,Charlotte,,841.451796305971,8414.51796305971,902762098.137573,246465.469761239
408,28301,1478.0,59.0,17717,Fayetteville,,834.227013602754,8342.27013602754,348717238.9104,130217.445212828
409,28303,2109.0,28.0,34600,Fayetteville,,609.537572254335,6095.37572254335,540160738.043701,179304.154504403
410,28304,2526.0,27.0,39651,Fayetteville,,637.058333963834,6370.58333963834,491742944.185852,186465.416198877
411,28305,394.0,4.0,5010,Fayetteville,,786.427145708583,7864.27145708583,69895111.336731,49443.8950343603
412,28306,3176.0,29.0,42565,Fayetteville,,746.15294255844,7461.5294255844,2090603260.31519,562860.488861907
413,28307,877.0,0.0,15486,Fort Bragg,,566.317964613199,5663.17964613199,174879596.356018,92732.9092032322
414,28310,966.0,0.0,8861,Fort Bragg,,1090.17040966031,10901.7040966031,506286340.902344,200733.090413706
415,28311,2461.0,20.0,36046,Fayetteville,,682.738722743161,6827.38722743162,1336136656.04889,240844.864072535
416,28312,1498.0,31.0,18419,Fayetteville,,813.290623812368,8132.90623812368,4341373681.0871,556260.336471475
417,28314,3942.0,31.0,53642,Fayetteville,,734.871928712576,7348.71928712576,816473670.87677,185615.29020179
418,28315,1117.0,17.0,13329,Aberdeen,,838.022357266112,8380.22357266111,2049308469.85626,494397.056686911
419,28318,412.0,4.0,4579,Autryville,,899.759772876174,8997.59772876174,2217851356.83313,372935.466158955
420,28320,730.0,8.0,9381,Bladenboro,,778.168638737874,7781.68638737874,3248490168.58801,381864.201698899
421,28323,318.0,1.0,4578,Bunnlevel,,694.626474442988,6946.26474442988,1112191308.33496,301931.807656215
422,28326,1477.0,6.0,22382,Cameron,,659.905281029399,6599.05281029399,3242119864.63824,488036.1730633
423,28327,1478.0,28.0,18273,Carthage,,808.843649099765,8088.43649099765,5396542091.08795,586939.342565835
424,28328,3180.0,49.0,26951,Clinton,,1179.91911246336,11799.1911246336,6810728499.67102,657248.933701038
425,28333,1069.0,23.0,10709,Dudley,,998.225791390419,9982.25791390419,1249687746.85376,213915.020571421
426,28334,2823.0,47.0,26215,Dunn,,1076.86439061606,10768.6439061606,4497238669.98419,544402.158241248
427,28337,1018.0,20.0,11927,Elizabethtown,,853.525614152763,8535.25614152763,5069041872.41577,577770.225904475
428,28338,369.0,5.0,4804,Ellerbe,,768.109908409659,7681.09908409659,3935542448.08881,492508.044174153
429,28339,682.0,8.0,7226,Erwin,,943.814004982009,9438.14004982009,1064553458.41333,310656.999787592
430,28340,1155.0,26.0,10738,Fairmont,,1075.61929595828,10756.1929595828,3757196814.59872,450516.228420329
431,28341,460.0,4.0,5080,Faison,,905.511811023622,9055.11811023622,2787115249.34564,421094.619116887
432,28343,151.0,5.0,1567,Gibson,,963.624760689215,9636.24760689215,458723474.164063,106909.663733147
433,28344,357.0,6.0,3814,Godwin,,936.025170424751,9360.25170424751,1128755315.22852,269142.265002464
434,28345,1216.0,25.0,12656,Hamlet,,960.809102402023,9608.09102402023,2126402412.95966,332606.523883072
435,28347,205.0,0.0,1826,Hoffman,,1122.67250821468,11226.7250821468,747268691.675964,194334.44204749
436,28348,2881.0,27.0,36052,Hope Mills,,799.123488294685,7991.23488294685,1166315651.14276,329846.853315969
437,28349,387.0,14.0,3955,Kenansville,,978.508217446271,9785.08217446271,1959246504.78113,326624.538750416
438,28350,27.0,0.0,70,Lakeview,,3857.14285714286,38571.4285714286,7876659.25891113,11657.1581787366
439,28351,418.0,1.0,5269,Laurel Hill,,793.319415448852,7933.19415448852,1788599136.13666,386362.394376361
440,28352,2581.0,65.0,25298,Laurinburg,,1020.2387540517,10202.387540517,3264782876.16284,438869.872406896
441,28356,388.0,6.0,4914,Linden,,789.58078958079,7895.8078958079,1497885580.84283,286294.988335977
442,28357,232.0,3.0,3224,Lumber Bridge,,719.602977667494,7196.02977667494,998095899.747498,200973.924425577
443,28358,4403.0,79.0,38517,Lumberton,,1143.13160422671,11431.3160422671,5499536726.32037,504386.804277589
444,28360,1788.0,21.0,14944,Lumberton,,1196.46680942184,11964.6680942184,1985862696.58282,363920.117329658
445,28363,113.0,1.0,1079,Marston,,1047.26598702502,10472.6598702502,1736455559.11224,383927.716730152
446,28364,1534.0,14.0,15170,Maxton,,1011.2063282795,10112.063282795,3845135736.01221,464303.223304611
447,28365,1583.0,42.0,17063,Mount Olive,,927.738381292856,9277.38381292856,5449867058.99634,617077.136427741
448,28366,563.0,8.0,5153,Newton Grove,,1092.56743644479,10925.6743644479,2293381130.24042,414618.719505341
449,28369,222.0,5.0,2241,Orrum,,990.629183400268,9906.29183400268,1800121585.61136,401393.305842191
450,28371,563.0,5.0,7085,Parkton,,794.636556104446,7946.36556104446,1005950088.08063,229991.086519014
451,28372,1834.0,16.0,15254,Pembroke,,1202.30759145142,12023.0759145142,1147770145.91595,255857.280522167
452,28373,192.0,1.0,2552,Pinebluff,,752.351097178683,7523.51097178683,460329066.992676,140223.621385681
453,28374,1263.0,45.0,18171,Pinehurst,,695.063562819878,6950.63562819878,609888351.153748,186776.563275303
454,28376,3499.0,46.0,43831,Raeford,,798.293445278456,7982.93445278456,8255601209.37079,618028.253174215
455,28377,1433.0,25.0,13036,Red Springs,,1099.2635777846,10992.635777846,2872865768.25568,446034.002241504
456,28379,2344.0,62.0,25804,Rockingham,,908.386296698186,9083.86296698186,4156662320.34821,486165.084209016
457,28382,574.0,10.0,8006,Roseboro,,716.962278291282,7169.62278291282,3525739741.42773,652666.741452106
458,28383,847.0,8.0,7713,Rowland,,1098.14598729418,10981.4598729418,2904453853.97415,460017.981876533
459,28384,1396.0,13.0,12414,Saint Pauls,,1124.53681327533,11245.3681327533,2850567240.80182,480450.415018018
460,28385,316.0,2.0,3005,Salemburg,,1051.58069883527,10515.8069883527,1040463355.97156,321938.125650219
461,28386,792.0,9.0,6068,Shannon,,1305.20764667106,13052.0764667106,1134602512.8537,354913.796549299
462,28387,1296.0,51.0,17139,Southern Pines,,756.170138281113,7561.70138281113,810260751.658813,181010.127281146
463,28390,1406.0,11.0,23494,Spring Lake,,598.450668255725,5984.50668255725,1630867413.08136,287302.836124697
464,28391,366.0,6.0,5326,Stedman,,687.194892977845,6871.94892977845,1084470955.12604,202263.555324582
465,28392,157.0,1.0,1554,Tar Heel,,1010.29601029601,10102.9601029601,925384379.987671,187529.786563955
466,28393,227.0,3.0,2160,Turkey,,1050.92592592593,10509.2592592593,1437383838.7915,233550.655699493
467,28394,426.0,4.0,6094,Vass,,699.048244174598,6990.48244174598,1215312777.16113,300186.221923817
468,28395,214.0,1.0,2657,Wade,,805.419646217539,8054.19646217539,1382105528.22943,246616.208913961
469,28396,187.0,6.0,2679,Wagram,,698.021649869354,6980.21649869354,1631714382.90094,330475.243709585
470,28398,825.0,23.0,7672,Warsaw,,1075.33889468196,10753.3889468196,2739435952.33466,345606.723026117
471,28399,159.0,2.0,1934,White Oak,,822.130299896587,8221.30299896587,2338498223.40869,308489.981388208
472,28401,1740.0,45.0,24213,Wilmington,,718.622227728906,7186.22227728906,925590291.269562,302995.405207511
473,28403,3182.0,16.0,41945,Wilmington,,758.612468709024,7586.12468709024,403456249.54361,135103.298695973
474,28405,2412.0,24.0,33719,Wilmington,,715.323704736202,7153.23704736202,694443662.189972,212896.044608315
475,28409,2280.0,13.0,34974,Wilmington,,651.912849545377,6519.12849545377,678530052.059952,626246.018361276
476,28411,2694.0,21.0,38820,Wilmington,,693.972179289026,6939.72179289026,1477023573.08954,591854.549770877
477,28412,2787.0,33.0,42977,Wilmington,,648.486399702166,6484.86399702166,635947452.301941,245813.217862995
478,28420,353.0,11.0,5116,Ash,,689.992181391712,6899.92181391712,4030119174.4476,622951.504256467
479,28421,116.0,3.0,2040,Atkinson,,568.627450980392,5686.27450980392,1701084244.28595,246250.995159075
480,28422,410.0,8.0,8682,Bolivia,,472.241419027874,4722.41419027874,2520456183.00197,406510.949073508
481,28423,189.0,2.0,2285,Bolton,,827.133479212254,8271.33479212254,4327886518.67657,560706.23791653
482,28425,1161.0,17.0,12625,Burgaw,,919.60396039604,9196.0396039604,4872852970.19843,522799.098840263
483,28428,497.0,1.0,7142,Carolina Beach,,695.883506020723,6958.83506020723,153392950.326767,131890.839899376
484,28429,616.0,3.0,8542,Castle Hayne,,721.142589557481,7211.42589557481,1146009267.92944,244578.64538817
485,28430,192.0,3.0,2055,Cerro Gordo,,934.306569343066,9343.06569343066,1294763521.80133,235369.368885516
486,28431,699.0,21.0,6741,Chadbourn,,1036.93813974188,10369.3813974188,2019287633.59152,414968.282140326
487,28432,222.0,3.0,1684,Clarendon,,1318.28978622328,13182.8978622328,913029717.719559,381140.327621417
488,28433,404.0,4.0,5297,Clarkton,,762.695865584293,7626.95865584293,3257754219.81824,497145.128049416
489,28434,81.0,2.0,1357,Council,,596.904937361828,5969.04937361828,2209417286.23001,262045.947095385
490,28435,222.0,5.0,2931,Currie,,757.420675537359,7574.20675537359,2746865502.37314,418800.327512466
491,28436,188.0,2.0,2312,Delco,,813.148788927336,8131.48788927336,1250613651.60083,304067.898737589
492,28438,151.0,3.0,1688,Evergreen,,894.549763033175,8945.49763033175,1324758692.31961,354385.951020837
493,28439,115.0,7.0,1536,Fair Bluff,,748.697916666667,7486.97916666667,667490225.496307,213264.007900786
494,28441,307.0,4.0,3328,Garland,,922.475961538462,9224.75961538462,3774857745.4223,555550.533903292
495,28442,151.0,3.0,1734,Hallsboro,,870.818915801615,8708.18915801615,1395074837.14975,336354.405393145
496,28443,1743.0,19.0,22483,Hampstead,,775.252412934217,7752.52412934217,4337834719.99771,560208.032392264
497,28444,219.0,0.0,2278,Harrells,,961.369622475856,9613.69622475856,3251010335.70935,548979.732892781
498,28445,670.0,12.0,8142,Holly Ridge,,822.893637926799,8228.93637926799,2835470197.40424,676482.174744674
499,28447,142.0,0.0,1334,Ivanhoe,,1064.46776611694,10644.6776611694,2755654733.91089,442226.920323366
500,28448,61.0,1.0,1216,Kelly,,501.644736842105,5016.44736842105,2360585218.26868,400674.523076971
501,28449,74.0,0.0,1958,Kure Beach,,377.936670071502,3779.36670071502,112229003.875305,80695.004584803
502,28450,208.0,8.0,2397,Lake Waccamaw,,867.751355861493,8677.51355861494,1482484363.39343,277199.450521116
503,28451,2413.0,19.0,39194,Leland,,615.65545746798,6156.5545746798,5322314275.71591,771852.448618023
504,28452,62.0,2.0,513,Longwood,,1208.57699805068,12085.7699805068,201031402.998276,76626.878203892
505,28453,502.0,6.0,4137,Magnolia,,1213.43969059705,12134.3969059705,2286467269.94287,428957.863476439
506,28454,243.0,2.0,3549,Maple Hill,,684.699915469146,6846.99915469146,3064407818.25446,319144.850869927
507,28455,180.0,3.0,1718,Nakina,,1047.7299185099,10477.299185099,1802269564.75485,339624.478895421
508,28456,332.0,5.0,3566,Riegelwood,,931.015143017386,9310.15143017386,1872158645.14374,368901.622022321
509,28457,847.0,10.0,12840,Rocky Point,,659.657320872274,6596.57320872274,3397895880.78387,551931.996451502
510,28458,631.0,12.0,7018,Rose Hill,,899.116557423768,8991.16557423768,3025757032.09851,549753.327973728
511,28460,930.0,1.0,10588,Sneads Ferry,,878.352852285606,8783.52852285606,868820245.916626,505270.66774661
512,28461,840.0,5.0,20575,Southport,,408.262454434994,4082.62454434994,2976816159.44659,699193.3729383
513,28462,734.0,13.0,14309,Supply,,512.963868893703,5129.63868893703,3173815797.17624,578042.071238933
514,28463,1450.0,34.0,9865,Tabor City,,1469.84287886467,14698.4287886467,3441446535.6745,489113.866817469
515,28464,259.0,4.0,2491,Teachey,,1039.74307507025,10397.4307507025,651873569.02948,216752.818849917
516,28465,370.0,5.0,8285,Oak Island,,446.590223295112,4465.90223295112,278142792.540329,260764.452809295
517,28466,987.0,30.0,10375,Wallace,,951.325301204819,9513.25301204819,4134830722.40503,646652.750223625
518,28467,835.0,16.0,11393,Calabash,,732.906170455543,7329.06170455543,478052225.035095,182374.085490172
519,28468,290.0,3.0,5394,Sunset Beach,,537.634408602151,5376.34408602151,561581539.026329,281339.504069841
520,28469,532.0,9.0,7481,Ocean Isle Beach,,711.134875016709,7111.34875016709,718539224.77166,397460.188245044
521,28470,896.0,35.0,13446,Shallotte,,666.369180425405,6663.69180425405,1182514664.27979,362760.617388835
522,28472,1905.0,51.0,20002,Whiteville,,952.404759524048,9524.04759524048,5336860792.21823,836470.753006454
523,28478,354.0,4.0,4976,Willard,,711.414790996785,7114.14790996785,3641064446.79327,420805.470689162
524,28479,422.0,8.0,4874,Winnabow,,865.818629462454,8658.18629462454,2117768058.25922,493774.783138492
525,28480,277.0,0.0,2737,Wrightsville Beach,,1012.05699671173,10120.5699671173,105606171.513519,198146.556810674
526,28501,1455.0,33.0,19507,Kinston,,745.886092172041,7458.86092172041,2991635337.302,625626.15035165
527,28504,2141.0,41.0,21016,Kinston,,1018.7476208603,10187.476208603,3402165916.96191,527051.926248194
528,28508,262.0,6.0,2984,Albertson,,878.016085790885,8780.16085790885,979966062.858154,216402.11543394
529,28510,79.0,0.0,1543,Arapahoe,,511.98963058976,5119.8963058976,492605022.366577,160146.449017413
530,28511,25.0,0.0,628,Atlantic,,398.089171974522,3980.89171974522,664520864.566406,632922.312503468
531,28512,214.0,5.0,3689,Atlantic Beach,,580.103008945514,5801.03008945514,159414908.561523,282548.210087653
532,28513,932.0,3.0,10825,Ayden,,860.969976905312,8609.69976905312,2611479123.85803,477095.460669019
533,28515,275.0,2.0,3463,Bayboro,,794.109153912792,7941.09153912792,1758589825.68518,437586.784820445
534,28516,693.0,6.0,12482,Beaufort,,555.199487261657,5551.99487261657,3384236686.76337,1001596.71803034
535,28518,775.0,11.0,8803,Beulaville,,880.381688060888,8803.81688060888,2702594658.36359,473932.945095065
536,28521,203.0,9.0,2259,Chinquapin,,898.627711376715,8986.27711376715,984336924.154663,232445.955683395
537,28523,198.0,3.0,2274,Cove City,,870.712401055409,8707.12401055409,2247611957.06177,297516.586083844
538,28525,281.0,4.0,3309,Deep Run,,849.199153822907,8491.99153822907,1368793733.10339,260376.07892082
539,28526,172.0,3.0,2384,Dover,,721.476510067114,7214.76510067114,2062614072.29626,437910.466683838
540,28529,269.0,2.0,2539,Grantsboro,,1059.47223316266,10594.7223316266,2523317524.60889,412017.089612736
541,28530,641.0,7.0,7474,Grifton,,857.639818035858,8576.39818035858,1906098626.48975,426610.065184872
542,28531,85.0,1.0,1414,Harkers Island,,601.131541725601,6011.31541725601,96666650.4205933,159397.370996394
543,28532,1319.0,7.0,25868,Havelock,,509.896397092933,5098.96397092933,5072028576.29651,874966.498361209
544,28538,336.0,3.0,3342,Hookerton,,1005.38599640934,10053.8599640934,837514346.679443,167225.326393657
545,28539,1006.0,11.0,18000,Hubert,,558.888888888889,5588.88888888889,2158531628.89203,965472.416809674
546,28540,3819.0,49.0,52400,Jacksonville,,728.81679389313,7288.1679389313,3283488394.35052,547729.060516664
547,28542,563.0,0.0,6146,Camp Lejeune,,916.042954767328,9160.42954767328,1137151211.30426,554417.951637184
548,28543,261.0,2.0,6618,Tarawa Terrace,,394.378966455122,3943.78966455122,101812905.851257,81799.9494086723
549,28546,3861.0,35.0,51963,Jacksonville,,743.028693493447,7430.28693493447,2766403023.01086,429757.095409677
550,28547,1028.0,0.0,13868,Camp Lejeune,,741.274877415633,7412.74877415633,321351155.112183,125030.1108688
551,28551,1226.0,21.0,14265,La Grange,,859.446196985629,8594.46196985629,3578620059.57935,402405.541085344
552,28553,21.0,0.0,522,Marshallberg,,402.298850574713,4022.98850574713,44093630.395752,64625.7950525978
553,28555,349.0,0.0,4702,Maysville,,742.237345810294,7422.37345810293,3623337430.05573,600372.548840717
554,28557,1021.0,10.0,15254,Morehead City,,669.332634063197,6693.32634063196,400526127.961975,291647.007459014
555,28560,2460.0,54.0,28926,New Bern,,850.44596556731,8504.4596556731,3309199654.78784,1030041.14449326
556,28562,3320.0,40.0,38009,New Bern,,873.477334315557,8734.77334315557,3853792240.20764,1071472.47820273
557,28570,1506.0,9.0,22687,Newport,,663.816282452506,6638.16282452506,4050945831.7467,612371.091717979
558,28571,109.0,1.0,3137,Oriental,,347.465731590692,3474.65731590692,1482289449.53186,353024.47769856
559,28572,588.0,9.0,6379,Pink Hill,,921.774572817056,9217.74572817056,3042675125.74115,395176.694907307
560,28573,220.0,13.0,2475,Pollocksville,,888.888888888889,8888.88888888889,3035889883.2348,360117.83631843
561,28574,1498.0,14.0,17702,Richlands,,846.23206417354,8462.3206417354,3868294357.7301,523654.71280993
562,28577,14.0,0.0,595,Sealevel,,235.294117647059,2352.94117647059,131607264.267456,82049.6590834025
563,28578,558.0,8.0,7044,Seven Springs,,792.163543441227,7921.63543441227,1837860745.29797,304549.150963809
564,28580,1061.0,31.0,12031,Snow Hill,,881.888454825035,8818.88454825035,3261656823.56982,373362.024423985
565,28582,136.0,2.0,1824,Stella,,745.614035087719,7456.14035087719,566119411.242798,233745.537488707
566,28584,781.0,11.0,12910,Swansboro,,604.957397366383,6049.57397366383,870417864.570801,630505.524420815
567,28585,285.0,3.0,4170,Trenton,,683.453237410072,6834.53237410072,5857263271.9624,616313.550954669
568,28586,1105.0,6.0,8427,Vanceboro,,1311.26142162098,13112.6142162098,3798727344.79224,393188.365406213
569,28590,2595.0,15.0,26551,Winterville,,977.364317728146,9773.64317728146,1153236268.85608,260797.112041444
570,28594,272.0,3.0,3678,Emerald Isle,,739.532354540511,7395.32354540511,161880563.377441,206007.39513627
571,28601,5834.0,91.0,49848,Hickory,,1170.35788797946,11703.5788797946,1378207425.05768,365850.750506082
572,28602,3230.0,74.0,31218,Hickory,,1034.65949131911,10346.5949131911,1938678919.97003,319569.803956005
573,28604,440.0,3.0,6449,Banner Elk,,682.276321910374,6822.76321910374,1915326545.24634,325836.980718489
574,28605,260.0,4.0,4143,Blowing Rock,,627.564566739078,6275.64566739078,895784503.144714,248689.345104092
575,28606,192.0,1.0,2367,Boomer,,811.1533586818759,8111.53358681876,1247639586.18042,214129.251492026
576,28607,2551.0,19.0,37481,Boone,,680.611509831648,6806.11509831648,2776057252.95807,555835.87368089
577,28609,550.0,7.0,6457,Catawba,,851.788756388416,8517.88756388416,1341728385.28827,281255.134101197
578,28610,1057.0,12.0,10238,Claremont,,1032.4282086345,10324.282086345,1121879522.66571,308096.881521473
579,28612,1358.0,36.0,14906,Connelly Springs,,911.042533208104,9110.42533208104,2400642845.42798,441028.943696581
580,28613,2837.0,48.0,25216,Conover,,1125.07931472081,11250.7931472081,1220326345.78546,362168.639637895
581,28615,99.0,1.0,1883,Creston,,525.756771109931,5257.56771109931,1868599532.61511,272770.247470023
582,28617,181.0,3.0,2451,Crumpler,,738.474092207262,7384.74092207262,986888820.641235,263906.737953269
583,28618,146.0,2.0,2480,Deep Gap,,588.709677419355,5887.09677419355,1010729766.2395,224128.286954044
584,28621,1109.0,31.0,10400,Elkin,,1066.34615384615,10663.4615384615,1827310682.30029,492431.108964796
585,28622,217.0,0.0,2638,Elk Park,,822.592873388931,8225.92873388931,922706854.79248,228052.883765708
586,28623,141.0,0.0,1716,Ennice,,821.678321678322,8216.78321678322,790959225.749146,176648.995975267
587,28624,125.0,3.0,1893,Ferguson,,660.327522451136,6603.27522451136,1893859856.27216,280305.359064925
588,28625,3533.0,73.0,38862,Statesville,,909.114301888734,9091.14301888734,5528677082.18164,627405.10903711
589,28626,112.0,1.0,3001,Fleetwood,,373.208930356548,3732.08930356548,819063990.876587,148645.734339712
590,28627,72.0,0.0,1534,Glade Valley,,469.361147327249,4693.61147327249,929851696.585571,229623.659776181
591,28630,2261.0,22.0,20369,Granite Falls,,1110.02012862684,11100.2012862684,1749206123.14734,364175.180926025
592,28631,61.0,0.0,536,Grassy Creek,,1138.05970149254,11380.5970149254,666742006.060913,167245.211138671
593,28634,446.0,5.0,5269,Harmony,,846.460428923894,8464.60428923895,1708637469.52393,380041.00063272
594,28635,312.0,4.0,4032,Hays,,773.809523809524,7738.09523809524,1589254753.84888,282956.554467362
595,28636,523.0,10.0,5186,Hiddenite,,1008.48438102584,10084.8438102584,1563401720.00476,343683.132287545
596,28637,288.0,5.0,1583,Hildebran,,1819.33038534428,18193.3038534428,75804105.8025513,39679.7431148789
597,28638,1294.0,7.0,12560,Hudson,,1030.25477707006,10302.5477707006,586195125.955933,179942.259882133
598,28640,472.0,18.0,4805,Jefferson,,982.310093652445,9823.10093652445,1056537388.6748,302637.68949569
599,28642,500.0,6.0,5578,Jonesville,,896.378630333453,8963.78630333453,922184812.2677,173376.666314256
600,28643,200.0,4.0,3443,Lansing,,580.888759802498,5808.88759802498,2044042930.41492,275858.107391137
601,28644,76.0,0.0,1570,Laurel Springs,,484.076433121019,4840.76433121019,2045165288.09131,297831.475142139
602,28645,4809.0,62.0,47621,Lenoir,,1009.84859620756,10098.4859620756,9179149391.98291,930216.037146458
603,28649,81.0,0.0,1034,Mc Grady,,783.365570599613,7833.65570599613,1036137984.80469,190682.670149615
604,28650,1345.0,14.0,13374,Maiden,,1005.68266786302,10056.8266786302,1278104496.07623,377336.649296681
605,28651,554.0,10.0,6653,Millers Creek,,832.707049451375,8327.07049451375,2065649255.9353,349078.290644553
606,28654,301.0,4.0,3800,Moravian Falls,,792.105263157895,7921.05263157895,1821577421.53857,295573.209104024
607,28655,5511.0,71.0,58249,Morganton,,946.110662843997,9461.10662843997,9153179930.14331,677983.745386267
608,28657,806.0,14.0,9610,Newland,,838.709677419355,8387.09677419355,3935578521.47217,457051.359413869
609,28658,3187.0,44.0,25858,Newton,,1232.50058009127,12325.0058009127,2022657893.02307,451555.722478837
610,28659,2048.0,37.0,21013,North Wilkesboro,,974.634749916718,9746.34749916718,2817470108.66394,743040.466864702
611,28660,196.0,2.0,2336,Olin,,839.041095890411,8390.41095890411,892135691.594116,224297.744075571
612,28665,207.0,3.0,2986,Purlear,,693.235097119893,6932.35097119893,1778038258.60608,240271.301413849
613,28668,25.0,0.0,39,Roaring Gap,,6410.25641025641,64102.5641025641,150579895.761963,97868.8716295681
614,28669,219.0,0.0,3133,Roaring River,,699.010533035429,6990.10533035429,1299426384.18799,252536.432806368
615,28670,254.0,4.0,3183,Ronda,,797.98931825322,7979.8931825322,1123975912.01135,257469.478215133
616,28673,541.0,5.0,6621,Sherrills Ford,,817.09711523939,8170.9711523939,852092289.759583,248402.605359209
617,28675,616.0,5.0,6805,Sparta,,905.21675238795,9052.1675238795,2977111225.9541,397880.21838125
618,28676,323.0,2.0,3444,State Road,,937.862950058072,9378.62950058072,830902972.436646,197653.666386266
619,28677,3488.0,53.0,35614,Statesville,,979.390127477958,9793.90127477958,2372250827.99042,364916.143502524
620,28678,441.0,3.0,5252,Stony Point,,839.68012185834,8396.8012185834,1249807753.12482,237772.476162198
621,28679,98.0,1.0,2122,Sugar Grove,,461.828463713478,4618.28463713478,636943392.934937,227619.317646308
622,28681,2891.0,65.0,26959,Taylorsville,,1072.3691531585,10723.691531585,4726487412.65814,412700.759417833
623,28682,96.0,1.0,1099,Terrell,,873.521383075523,8735.21383075523,164657442.78833,108427.066369374
624,28683,127.0,2.0,1934,Thurmond,,656.670113753878,6566.70113753878,988749233.112671,203358.60410099
625,28684,85.0,1.0,2175,Todd,,390.804597701149,3908.04597701149,1383524229.94177,292392.138653963
626,28685,132.0,0.0,1908,Traphill,,691.823899371069,6918.23899371069,1296786088.98804,215086.939280452
627,28689,168.0,0.0,1662,Union Grove,,1010.83032490975,10108.3032490975,1218398001.86389,304792.24772459
628,28690,847.0,14.0,9427,Valdese,,898.483080513419,8984.83080513419,668624773.04187,213466.610171622
629,28692,234.0,1.0,4504,Vilas,,519.538188277087,5195.38188277087,1091553223.68976,286379.955820553
630,28693,108.0,1.0,1693,Warrensville,,637.920850561134,6379.20850561134,621923811.260986,170328.387778476
631,28694,575.0,12.0,8033,West Jefferson,,715.797335989045,7157.97335989045,2188720146.69934,416426.801998168
632,28697,1268.0,32.0,13376,Wilkesboro,,947.966507177033,9479.66507177034,1810927272.521,565265.362104433
633,28701,268.0,3.0,4830,Alexander,,554.865424430642,5548.65424430642,557040025.003723,178622.867954755
634,28702,13.0,0.0,704,Almond,,184.659090909091,1846.59090909091,749571990.457794,168899.042279792
635,28704,1672.0,18.0,21728,Arden,,769.513991163476,7695.13991163476,1481682958.97644,329012.999643476
636,28705,389.0,1.0,7168,Bakersville,,542.689732142857,5426.89732142857,3538838336.04175,376028.663142582
637,28711,751.0,27.0,15250,Black Mountain,,492.459016393443,4924.59016393443,2289646423.50623,432841.10713665
638,28712,1138.0,23.0,19644,Brevard,,579.311749134596,5793.11749134596,3743370041.24365,607196.289251344
639,28713,576.0,11.0,9333,Bryson City,,617.164898746384,6171.64898746384,7085157294.99072,658029.652447302
640,28714,1325.0,25.0,17066,Burnsville,,776.39751552795,7763.9751552795,7287599937.88281,538818.932986382
641,28715,1676.0,23.0,27289,Candler,,614.166880428011,6141.66880428011,1975153881.5733,274379.594297132
642,28716,1212.0,43.0,18650,Canton,,649.865951742627,6498.65951742627,4450693739.33826,450946.985814241
643,28718,21.0,0.0,607,Cedar Mountain,,345.963756177924,3459.63756177924,604740430.192017,157079.894608512
644,28719,1012.0,10.0,6945,Cherokee,,1457.16342692585,14571.6342692585,6313532001.74988,506970.161305604
645,28721,653.0,7.0,10866,Clyde,,600.95711393337,6009.5711393337,3262240884.20239,451646.750156333
646,28722,485.0,9.0,6854,Columbus,,707.615990662387,7076.15990662387,1330435890.70984,371441.890606651
647,28723,889.0,0.0,11678,Cullowhee,,761.260489809899,7612.60489809899,2829089767.59064,521400.904374382
648,28726,311.0,4.0,3477,East Flat Rock,,894.44923784872,8944.4923784872,62782212.3257446,52681.8363735949
649,28729,231.0,1.0,2978,Etowah,,775.68838146407,7756.8838146407,115914409.369507,74718.0620947517
650,28730,484.0,8.0,10068,Fairview,,480.731029002781,4807.31029002781,1334723772.69336,277836.650121475
651,28731,822.0,14.0,9271,Flat Rock,,886.635745874231,8866.35745874232,910498937.374664,308715.430561088
652,28732,1197.0,5.0,18899,Fletcher,,633.366844806603,6333.66844806604,1163648233.76184,268599.174805656
653,28734,2052.0,21.0,28423,Franklin,,721.950533019034,7219.50533019034,8413329787.90622,680710.034553254
654,28736,46.0,0.0,740,Glenville,,621.621621621622,6216.21621621622,845894035.551971,243241.394198335
655,28739,1294.0,19.0,21994,Hendersonville,,588.342275165954,5883.42275165954,1809199500.98254,354883.696935043
656,28740,148.0,0.0,2123,Green Mountain,,697.126707489402,6971.26707489402,2560353451.70599,391601.88482291
657,28741,242.0,4.0,3135,Highlands,,771.929824561404,7719.29824561404,2488322100.83908,291652.561708351
658,28742,194.0,4.0,2834,Horse Shoe,,684.54481298518,6845.4481298518,759756422.807678,323788.261855291
659,28745,59.0,0.0,598,Lake Junaluska,,986.622073578595,9866.22073578595,24208240.7459412,20619.3143809221
660,28746,169.0,4.0,2583,Lake Lure,,654.277971351142,6542.77971351142,1635267198.94843,301403.103342596
661,28747,84.0,2.0,2517,Lake Toxaway,,333.73063170441,3337.3063170441,1644170650.80768,278687.825520297
662,28748,721.0,10.0,12684,Leicester,,568.432671081678,5684.32671081678,2568900770.12885,433742.542694055
663,28751,246.0,5.0,3738,Maggie Valley,,658.105939004815,6581.05939004815,1196971956.93442,252655.252396679
664,28752,3353.0,37.0,31501,Marion,,1064.41065363004,10644.1065363004,6843838240.70496,729852.019397462
665,28753,714.0,17.0,12286,Marshall,,581.149275598242,5811.49275598242,7221367422.4903,582321.875436496
666,28754,562.0,20.0,8823,Mars Hill,,636.971551626431,6369.71551626431,2532637146.55933,336365.654274913
667,28756,276.0,2.0,4770,Mill Spring,,578.616352201258,5786.16352201258,2319967191.40479,359387.276461913
668,28759,546.0,6.0,7867,Mills River,,694.03838820389,6940.3838820389,710290580.507599,219074.688607406
669,28761,889.0,17.0,8493,Nebo,,1046.74437772283,10467.4437772283,3254647047.74689,448908.605974669
670,28762,630.0,5.0,7603,Old Fort,,828.620281467842,8286.20281467842,2996741187.4848,387268.208256283
671,28763,163.0,2.0,2864,Otto,,569.134078212291,5691.3407821229,1145043002.66425,202810.842815888
672,28766,113.0,0.0,1526,Penrose,,740.498034076016,7404.98034076016,159626292.482056,88900.5625977206
673,28768,435.0,2.0,7895,Pisgah Forest,,550.981633945535,5509.81633945535,2244655883.74216,321689.536597621
674,28771,539.0,12.0,8212,Robbinsville,,656.356551388212,6563.56551388212,9086438704.3884,732920.807564289
675,28773,237.0,6.0,3508,Saluda,,675.598631698974,6755.98631698974,1396855034.24573,267712.497423626
676,28775,28.0,1.0,493,Scaly Mountain,,567.951318458418,5679.51318458418,456631744.06662,130336.94180952
677,28777,1393.0,17.0,10391,Spruce Pine,,1340.5831969974,13405.831969974,1968811938.32007,332780.684408785
678,28778,642.0,7.0,10803,Swannanoa,,594.279366842544,5942.79366842544,692162823.950317,188030.795128165
679,28779,1259.0,39.0,17610,Sylva,,714.934696195344,7149.34696195344,3287520334.70795,472387.421611018
680,28782,377.0,9.0,6512,Tryon,,578.931203931204,5789.31203931204,1239852111.02036,390005.579825198
681,28783,93.0,3.0,1905,Tuckasegee,,488.188976377953,4881.88976377953,2507065764.50815,412465.098737654
682,28785,378.0,2.0,8309,Waynesville,,454.928390901432,4549.28390901432,4680111391.07288,434987.630089387
683,28786,1291.0,31.0,21837,Waynesville,,591.198424692037,5911.98424692037,2130537927.5513,319219.020654079
684,28787,1331.0,23.0,20681,Weaverville,,643.585900101543,6435.85900101542,2146776657.76654,337936.038355962
685,28789,351.0,3.0,6551,Whittier,,535.796061669974,5357.96061669974,1731085189.80936,281392.474737519
686,28790,264.0,2.0,3775,Zirconia,,699.337748344371,6993.37748344371,1184634316.47168,272368.233599775
687,28791,1178.0,29.0,15811,Hendersonville,,745.050913920688,7450.50913920688,466838231.125,123544.27336528
688,28792,3059.0,67.0,37949,Hendersonville,,806.081846688977,8060.81846688977,2892120004.20319,483608.715059927
689,28801,787.0,17.0,16782,Asheville,,468.954832558694,4689.54832558694,142991050.123962,66531.4000304091
690,28803,1915.0,51.0,34731,Asheville,,551.380610981544,5513.80610981544,1148499781.62708,221583.067984848
691,28804,1258.0,21.0,23302,Asheville,,539.867822504506,5398.67822504506,818376430.368896,216401.982596761
692,28805,909.0,19.0,20394,Asheville,,445.719329214475,4457.19329214475,743578799.615234,203043.782551956
693,28806,2773.0,54.0,43841,Asheville,,632.512944504003,6325.12944504003,1123591112.45288,297671.815966071
694,28901,427.0,5.0,6039,Andrews,,707.070707070707,7070.70707070707,1881090750.42804,271571.032581688
695,28902,84.0,0.0,1562,Brasstown,,537.772087067862,5377.72087067862,645585335.657318,162521.113458697
696,28904,557.0,18.0,9535,Hayesville,,584.163607760881,5841.63607760881,5317145252.91805,403950.005454209
697,28905,211.0,1.0,3548,Marble,,594.701240135287,5947.01240135287,1058320723.96715,269002.244098821
698,28906,1416.0,13.0,20296,Murphy,,697.674418604651,6976.74418604651,9849733400.34212,586826.324547444
699,28909,41.0,0.0,1068,Warne,,383.895131086142,3838.95131086142,269492752.319427,107722.293423693
700,27533,465.0,3.0,0,,,,,18055719.4014893,15817.3715737294
701,27340,,,34,Saxapahaw,Population <500 and Cases <5,,,694758.987792969,3852.87240074502
702,27411,38.0,0.0,847,Greensboro,,448.642266824085,4486.42266824085,713742.998291016,5860.23208289576
703,27412,22.0,0.0,1886,Greensboro,,116.648992576882,1166.48992576882,4771290.83532715,13054.7888333439
704,27498,,,13,Greensboro,Population <500 and Cases <5,,,3369264.12316895,7774.18760349114
705,27599,19.0,0.0,0,Chapel Hill,,,,4275416.30163574,15555.1510255833
706,27706,,,10,Durham,Population <500 and Cases <5,,,1281872.18347168,6816.757693542
707,27711,,,62,Durham,Population <500 and Cases <5,,,11690491.0200195,25227.7794868175
708,27810,321.0,3.0,4224,Belhaven,,759.943181818182,7599.43181818182,5320714553.85889,863428.562860575
709,27821,14.0,0.0,343,Edward,,408.163265306122,4081.63265306122,180879118.265869,102716.617789089
710,27824,83.0,0.0,1540,Engelhard,,538.961038961039,5389.61038961039,5755622445.56714,766498.765242208
711,27826,74.0,2.0,1245,Fairfield,,594.377510040161,5943.77510040161,5502010014.61365,681909.128335756
712,27841,5.0,1.0,84,Hassell,,595.238095238095,5952.38095238095,5972995.94189453,12505.2057352129
713,27872,25.0,1.0,429,Roxobel,,582.750582750583,5827.50582750583,78668396.3901367,60062.9164687203
714,27875,41.0,2.0,511,Scranton,,802.348336594912,8023.48336594912,1462926064.75208,668994.049821798
715,27881,5.0,0.0,323,Speed,,154.798761609907,1547.98761609907,45624486.2655029,35379.3892263349
716,27919,72.0,1.0,1211,Belvidere,,594.549958711808,5945.49958711808,1805677755.21484,260299.205087965
717,27920,60.0,0.0,1415,Buxton,,424.028268551237,4240.28268551237,251417477.481567,169552.58818934
718,27921,301.0,4.0,5366,Camden,,560.939247111442,5609.39247111442,2216306760.15601,371309.805402765
719,27923,37.0,0.0,990,Coinjock,,373.737373737374,3737.37373737374,442853112.258789,222994.427279021
720,27936,21.0,1.0,961,Frisco,,218.522372528616,2185.22372528616,134638106.065186,108288.074251882
721,27939,135.0,1.0,3370,Grandy,,400.593471810089,4005.93471810089,296874050.40332,237784.484514939
722,27941,34.0,0.0,670,Harbinger,,507.462686567164,5074.62686567164,66348159.842041,42125.3614314887
723,27943,15.0,0.0,491,Hatteras,,305.498981670061,3054.98981670061,82146889.1915283,162150.406610954
724,27947,38.0,1.0,845,Jarvisburg,,449.704142011834,4497.04142011834,181991023.044922,117825.87149715
725,27953,72.0,0.0,992,Manns Harbor,,725.806451612903,7258.06451612903,4841742826.08521,775886.839802653
726,27954,424.0,2.0,6405,Manteo,,661.982825917252,6619.82825917252,346159524.466309,171104.045001834
727,27956,13.0,0.0,328,Maple,,396.341463414634,3963.41463414634,91616147.3259277,62675.9008746753
728,27960,94.0,0.0,899,Ocracoke,,1045.60622914349,10456.0622914349,272996211.932129,221416.979930584
729,27964,17.0,0.0,653,Point Harbor,,260.336906584992,2603.36906584992,40700993.1791992,29044.1496807834
730,27965,24.0,0.0,611,Poplar Branch,,392.798690671031,3927.98690671031,362463348.010742,286670.577035681
731,27972,,,196,Salvo,Population <500 and Cases <5,,,25839959.5158691,77591.8753697891
732,27973,78.0,0.0,1493,Shawboro,,522.438044206296,5224.38044206296,1350823542.63281,279776.313560853
733,27974,58.0,0.0,1375,Shiloh,,421.818181818182,4218.18181818182,1282875105.52026,448552.234751615
734,27978,11.0,0.0,221,Stumpy Point,,497.737556561086,4977.37556561086,3250437066.68713,488663.160212976
735,27980,207.0,2.0,2075,Tyner,,997.590361445783,9975.90361445783,1319096560.03711,208839.628959427
736,27981,113.0,1.0,1863,Wanchese,,606.54857756307,6065.4857756307,183167116.380371,177755.254740471
737,28077,37.0,0.0,557,High Shoals,,664.27289048474,6642.7289048474,25098303.871521,27989.3633622467
738,28101,68.0,1.0,465,Mc Adenville,,1462.36559139785,14623.6559139785,12210373.4969482,19058.3264759027
739,28223,23.0,0.0,2941,Charlotte,,78.2046922815369,782.046922815369,16745950.1914673,34959.7943637767
740,28308,8.0,0.0,737,Pope Army Airfield,,108.548168249661,1085.48168249661,90374263.7665405,45243.1542141805
741,28375,17.0,0.0,155,Proctorville,,1096.77419354839,10967.7419354839,16154829.5779114,21293.1141646593
742,28519,46.0,1.0,328,Bridgeton,,1402.43902439024,14024.3902439024,3782179.40026855,11964.2990373982
743,28520,15.0,0.0,352,Cedar Island,,426.136363636364,4261.36363636364,633116579.775757,427477.052966737
744,28524,22.0,1.0,443,Davis,,496.613995485327,4966.13995485327,547256692.822876,860357.358716607
745,28527,105.0,2.0,905,Ernul,,1160.22099447514,11602.2099447514,1145978492.04919,209684.397786102
746,28528,26.0,0.0,640,Gloucester,,406.25,4062.5,74196560.923584,79933.9347539672
747,28533,88.0,0.0,0,Cherry Point,,,,253735788.170532,192645.367219711
748,28537,5.0,0.0,186,Hobucken,,268.817204301075,2688.17204301075,891999129.25647,352204.851723086
749,28544,364.0,7.0,5607,Midway Park,,649.188514357054,6491.88514357054,155759986.503357,92182.0384683424
750,28545,152.0,0.0,4010,Mccutcheon Field,,379.052369077307,3790.52369077307,145247654.855835,101700.276162633
751,28552,,,131,Lowland,Population <500 and Cases <5,,,211084218.553589,104037.967496467
752,28556,50.0,1.0,1150,Merritt,,434.782608695652,4347.82608695652,1139666751.30212,394317.853497314
753,28561,34.0,1.0,0,New Bern,,,,195198.709350586,2618.49962886206
754,28579,24.0,0.0,798,Smyrna,,300.751879699248,3007.51879699248,633080494.557556,233023.142000653
755,28581,15.0,1.0,224,Stacy,,669.642857142857,6696.42857142857,2404669972.88318,703346.462367876
756,28583,14.0,1.0,0,Stonewall,,,,596710.740722656,3607.20989795631
757,28587,26.0,0.0,324,Vandemere,,802.469135802469,8024.69135802469,250612018.426636,182903.197478108
758,28611,66.0,0.0,978,Collettsville,,674.846625766871,6748.46625766871,2483135872.03735,419111.187381629
759,28629,11.0,0.0,63,Glendale Springs,,1746.03174603175,17460.3174603175,18113919.8492432,19773.9407564207
760,28646,65.0,2.0,463,Linville,,1403.88768898488,14038.8768898488,440709602.757813,156576.175660301
761,28663,30.0,0.0,715,Piney Creek,,419.58041958042,4195.8041958042,577849850.650269,137228.322788793
762,28667,47.0,1.0,105,Rhodhiss,,4476.19047619048,44761.9047619048,1309548.80932617,6065.66147149414
763,28672,,,35,Scottville,Population <500 and Cases <5,,,62555584.7313232,47932.7256464108
764,28698,134.0,0.0,1844,Zionville,,726.681127982646,7266.81127982646,762471326.925049,227334.653867247
765,28708,43.0,0.0,1340,Balsam Grove,,320.89552238806,3208.9552238806,795626278.709686,241272.033803255
766,28709,120.0,1.0,2308,Barnardsville,,519.930675909879,5199.30675909879,1635213770.4093,231197.383485249
767,28717,131.0,4.0,1471,Cashiers,,890.550645819171,8905.50645819171,1160000231.10587,300525.403558473
768,28720,6.0,0.0,35,Chimney Rock,,1714.28571428571,17142.8571428571,47877696.5422974,47768.4833790312
769,28725,17.0,0.0,36,Dillsboro,,4722.22222222222,47222.2222222222,1395548.49920654,7541.63511359509
770,28733,10.0,0.0,200,Fontana Dam,,500.0,5000.0,498075903.916718,200917.740964481
771,28735,7.0,0.0,294,Gerton,,238.095238095238,2380.95238095238,137680777.623108,92735.3834552802
772,28743,122.0,1.0,2422,Hot Springs,,503.715937241949,5037.15937241949,2855463957.34918,351331.648547095
773,28749,5.0,0.0,0,Little Switzerland,,,,1713987.45050049,8852.52475284555
774,28757,53.0,0.0,0,Montreat,,,,129672.114624023,2617.87913210505
775,28772,100.0,2.0,1942,Rosman,,514.933058702369,5149.33058702369,577124059.134399,256613.212684218
776,28774,71.0,1.0,1569,Sapphire,,452.517527087317,4525.17527087317,1130246511.80005,224488.61951138
777,28781,45.0,0.0,957,Topton,,470.219435736677,4702.19435736677,2402982140.90009,297913.620657844
778,27969,,,0,Roduco,Population <500 and Cases <5,,,724387.010986328,3958.82496624679
779,28253,,,0,Charlotte,Population <500 and Cases <5,,,133339.295837402,3050.2273713774
780,28608,35.0,0.0,0,Boone,,,,274774.708862305,3583.90419251761
